53 0.41328125 0.2109375 0.265625 0.2484375
53 0.14453125 0.1203125 0.23984375 0.22421875
53 0.16640625 0.365625 0.240625 0.21015625
53 0.140625 0.61015625 0.23203125 0.24296875
53 0.13515625 0.87265625 0.2703125 0.1796875
53 0.58828125 0.884375 0.27734375 0.21015625
53 0.3625 0.7546875 0.2765625 0.20078125
53 0.85078125 0.88203125 0.26015625 0.234375
53 0.48046875 0.44140625 0.3359375 0.18359375
53 0.65546875 0.1390625 0.20625 0.225
53 0.88515625 0.20234375 0.21015625 0.23203125
53 0.85625 0.434375 0.275 0.2234375
53 0.85390625 0.64609375 0.21171875 0.190625