43 0.12734375 0.15390625 0.18828125 0.28046875
43 0.14140625 0.51328125 0.20078125 0.303125
43 0.14453125 0.83203125 0.19765625 0.29765625
43 0.32890625 0.18828125 0.19296875 0.29375
43 0.3453125 0.5125 0.19453125 0.3015625
43 0.353125 0.84375 0.17890625 0.31171875
43 0.55546875 0.84609375 0.1953125 0.29765625
43 0.54921875 0.50859375 0.1765625 0.30078125
43 0.540625 0.16953125 0.20703125 0.31171875
43 0.74140625 0.16796875 0.18671875 0.2875
43 0.7375 0.4875 0.171875 0.3390625
43 0.75546875 0.825 0.1765625 0.28359375
43 0.92265625 0.8421875 0.1453125 0.30546875
43 0.9234375 0.46953125 0.153125 0.30625
43 0.92734375 0.14140625 0.1453125 0.2828125