0 0.56875 0.41171875 0.28984375 0.19375
0 0.60234375 0.1671875 0.2546875 0.15859375
0 0.41640625 0.2171875 0.21015625 0.203125
0 0.26484375 0.471875 0.33046875 0.25234375
0 0.20703125 0.54765625 0.209375 0.1375
0 0.51796875 0.659375 0.24453125 0.18125
0 0.73203125 0.8078125 0.2734375 0.1625
0 0.17421875 0.77421875 0.23046875 0.2359375
0 0.40859375 0.86796875 0.2796875 0.2625
0 0.775 0.409375 0.1671875 0.303125
0 0.77421875 0.68125 0.27734375 0.21796875
0 0.81015625 0.084375 0.175 0.09375
0 0.18203125 0.24296875 0.27578125 0.16953125
0 0.215625 0.06484375 0.3609375 0.1296875