0 0.4890625 0.3890625 0.43203125 0.19140625
0 0.27265625 0.59140625 0.33046875 0.1546875
0 0.57265625 0.1546875 0.29765625 0.215625
0 0.74296875 0.81640625 0.4953125 0.3515625
0 0.21328125 0.22421875 0.42578125 0.39296875
0 0.2578125 0.903125 0.19296875 0.19296875
0 0.79140625 0.421875 0.16328125 0.13125
0 0.83125 0.09140625 0.2015625 0.16640625
0 0.0734375 0.1328125 0.14609375 0.1515625
0 0.60546875 0.753125 0.1546875 0.10625
0 0.7875 0.57265625 0.1 0.11328125
0 0.21171875 0.80703125 0.228125 0.26640625
0 0.63203125 0.16875 0.21171875 0.1421875