0 0.4890625 0.3890625 0.43203125 0.190625
0 0.27265625 0.59140625 0.33046875 0.1546875
0 0.57265625 0.1546875 0.29765625 0.215625
0 0.74296875 0.81640625 0.49609375 0.3515625
0 0.2125 0.2234375 0.42421875 0.39375
0 0.25625 0.903125 0.19375 0.19375
0 0.79140625 0.421875 0.16328125 0.13125
0 0.83125 0.09140625 0.2015625 0.16640625
0 0.07265625 0.13203125 0.14453125 0.1515625
0 0.60546875 0.753125 0.1546875 0.10625
0 0.7875 0.57265625 0.1 0.1140625
0 0.21171875 0.80703125 0.228125 0.265625
0 0.63203125 0.16875 0.21171875 0.1421875