0 0.56875 0.41171875 0.28984375 0.19375
0 0.60234375 0.1671875 0.2546875 0.1578125
0 0.41640625 0.2171875 0.21015625 0.20234375
0 0.26484375 0.471875 0.3296875 0.25234375
0 0.20703125 0.54765625 0.20859375 0.13828125
0 0.51796875 0.659375 0.24375 0.18125
0 0.73203125 0.8078125 0.2734375 0.16171875
0 0.17421875 0.77421875 0.2296875 0.23515625
0 0.40859375 0.86796875 0.2796875 0.26328125
0 0.775 0.409375 0.16640625 0.30234375
0 0.77421875 0.68125 0.278125 0.21796875
0 0.81015625 0.084375 0.175 0.09296875
0 0.18203125 0.24296875 0.27578125 0.16875
0 0.21640625 0.065625 0.3609375 0.13046875