43 0.3640625 0.23046875 0.16015625 0.271875
43 0.54609375 0.23984375 0.18671875 0.28671875
43 0.52578125 0.51640625 0.16171875 0.26015625
43 0.68203125 0.5046875 0.14140625 0.2703125
43 0.509375 0.8125 0.14921875 0.2984375
43 0.33125 0.525 0.17890625 0.2453125
43 0.33125 0.7953125 0.18515625 0.27265625
43 0.68203125 0.7796875 0.18125 0.25390625
43 0.87109375 0.51640625 0.2078125 0.1828125
43 0.8296875 0.27578125 0.2171875 0.196875
43 0.1484375 0.471875 0.20234375 0.25546875
43 0.1109375 0.67734375 0.18203125 0.2375
43 0.0859375 0.88671875 0.171875 0.2265625
43 0.11796875 0.13984375 0.18828125 0.25859375