20 0.4625 0.5046875 0.9015625 0.903125
20 0.574198190625 0.5921875 0.6528011921875 0.5921875 0.6728207234375 0.575446428125 0.68125 0.556313775 0.68125 0.4622767859375 0.6711348687500001 0.4482142859375 0.6205592109375 0.4180803578125 0.58515625 0.4046875 0.5389638156250001 0.4046875 0.5227796046875001 0.40970982187500005 0.49412006562500005 0.43984375 0.4890625 0.46160714374999995 0.4890625 0.49906528906250003 0.49749177656250004 0.5252232140624999 0.5143503296875 0.5553571421875 0.5446957234375 0.58046875 0.574198190625 0.5921875
20 0.0828125 0.3168717875 0.0929760515625 0.355158390625 0.12685455625 0.4096104453125 0.1746830328125 0.4640625 0.26363901875 0.4640625 0.2640625 0.463722175 0.2640625 0.354307575 0.262368575 0.34835188281249996 0.2301839953125 0.29560145625 0.18275408906249999 0.2394477734375 0.1641209109375 0.22243150625000002 0.1404059578125 0.215625 0.10822137812499999 0.22923801406250002 0.0828125 0.256464040625 0.0828125 0.3168717875
20 0.34136029375 0.756477453125 0.363813025 0.78125 0.4141544125 0.78125 0.4240808828125 0.768037975 0.43897058749999995 0.7168413765625 0.440625 0.697849090625 0.440625 0.6670898390625 0.4290441171875 0.5847211234375 0.4158088234375 0.5450850468749999 0.4009191171875 0.52361550625 0.37113970625000003 0.5203125 0.334742646875 0.5368275312499999 0.328125 0.5472084078125 0.328125 0.680141309375 0.34136029375 0.756477453125
20 0.597948328125 0.325 0.6335106390624999 0.3042701203125 0.668617021875 0.24686429843750002 0.675 0.20646760937500003 0.675 0.143214896875 0.6398936171875 0.09378210625 0.6308510640625 0.0921875 0.6088652484375 0.0921875 0.595212765625 0.10334974374999999 0.5744680843750001 0.136836471875 0.547340425 0.163944778125 0.5265957453125 0.2261344171875 0.525 0.27237799687500003 0.5361702125 0.3090539390625 0.5680851062500001 0.325 0.597948328125 0.325
20 0.5992578125 0.7700498953125 0.6248828125 0.7859375 0.6979140609375001 0.7859375 0.7113671874999999 0.7811712187500001 0.745 0.7493960078125 0.7578125 0.720509453125 0.7578125 0.628650209375 0.741796875 0.6079963234375 0.719375 0.596875 0.6441015625000001 0.6048188031249999 0.5864453125 0.639771534375 0.5672265624999999 0.67154674375 0.565625 0.70173319375 0.575234375 0.7350971640624999 0.5992578125 0.7700498953125
20 0.2984375 0.60859375 0.2984375 0.5598609 0.26998697968749996 0.55 0.14719618125 0.55 0.1148697921875 0.55703125 0.090625 0.5865625 0.090625 0.6818359375 0.09928385468749999 0.690625 0.16289757031250002 0.690625 0.2724609375 0.644921875 0.288046875 0.616796875 0.2984375 0.60859375
20 0.43659986406250006 0.278125 0.47284307031250006 0.2633928578125 0.484375 0.24255952343749998 0.484375 0.171726190625 0.466253396875 0.13571428593749998 0.41435971406250005 0.10625 0.3772928 0.10625 0.3459918484375 0.10952380937499999 0.355876359375 0.1389880953125 0.3575237765625 0.17827380937499998 0.3328125 0.2290178578125 0.3459918484375 0.2584821421875 0.3674082875 0.2764880953125 0.373174253125 0.278125 0.43659986406250006 0.278125
20 0.540625 0.8514583328124999 0.5388711734375 0.8475892859374999 0.5037946421874999 0.8075446421875 0.46871811250000006 0.8023214281250001 0.4318877546875 0.7796875 0.4143494890625 0.7796875 0.393303571875 0.790133928125 0.36875 0.8214732140625 0.36875 0.8878515625000001 0.393303571875 0.9015625 0.4494260203125 0.9590178578125 0.4571929640625 0.9625 0.540625 0.9625 0.540625 0.8514583328124999
20 0.7595898437499999 0.288781475 0.78390625 0.2531699640625 0.796875 0.2091411859375 0.796875 0.170292265625 0.79201171875 0.1285296765625 0.76283203125 0.079968525 0.749322915625 0.071875 0.707174478125 0.071875 0.6898828124999999 0.0815872296875 0.66880859375 0.1884217625 0.6671875 0.21755845312500002 0.6671875 0.250831834375 0.68015625 0.283925359375 0.7009062515625 0.296875 0.74222098125 0.296875 0.7595898437499999 0.288781475
20 0.3322085078125 0.232484375 0.3578125 0.2141204046875 0.3578125 0.09579910781249999 0.33954831875 0.078125 0.23619353906249999 0.078125 0.185412290625 0.10760937500000001 0.1683429625 0.12321875 0.1546875 0.1544375 0.1546875 0.216875 0.178584559375 0.24289062499999997 0.2054077875 0.2515625 0.27587972656250004 0.2515625 0.3322085078125 0.232484375
20 0.4094128796875 0.4765625 0.4669886359375 0.46371846406249995 0.5058522734374999 0.431608371875 0.5171875 0.40288767812500004 0.5171875 0.335278096875 0.49613636406249995 0.3128010328125 0.47220644062500006 0.3015625 0.42928165468749996 0.3015625 0.3779261359375 0.3208285546875 0.34068181875 0.3754157109375 0.3390625 0.39709002187500003 0.3390625 0.42358085 0.347159090625 0.4476634171875 0.364971590625 0.473351490625 0.3898011359375 0.4765625 0.4094128796875 0.4765625