20 0.4625 0.5046875 0.9015625 0.903125
20 0.49074835468750005 0.5274751109375 0.5076069078125001 0.5573423671875 0.537952303125 0.5822317484374999 0.5632401312499999 0.5921875 0.648059725 0.5921875 0.666077303125 0.577253871875 0.6778782890625 0.5507051984375 0.68125 0.5390901546875 0.68125 0.474377765625 0.6643914468750001 0.4511476765625 0.6138157890625 0.42128042031249996 0.5784128296875 0.408006084375 0.54300986875 0.4046875 0.516036184375 0.4129839609375 0.4890625 0.4410943203125 0.4890625 0.522289825 0.49074835468750005 0.5274751109375
20 0.2481418921875 0.4640625 0.2624296171875 0.4525455296875 0.2640625 0.448980753125 0.2640625 0.3595871265625 0.2591638515625 0.342311671875 0.2281390765625 0.291307946875 0.18241835625 0.237013659375 0.16445664375 0.22056084375 0.1473113734375 0.215625 0.1377181875 0.215625 0.110571509375 0.2271419703125 0.086078265625 0.2534664734375 0.0828125 0.2995343546875 0.0958755625 0.3488927984375 0.1285332203125 0.4015418046875 0.17751970781249998 0.45748137343749995 0.19117654687500002 0.4640625 0.2481418921875 0.4640625
20 0.440625 0.7255833328125 0.440625 0.6607838546875 0.430078125 0.5864166671875 0.416015625 0.5446666671875 0.4001953125 0.5220520828125 0.384375 0.5203125 0.3646875015625 0.5203125 0.3298828125 0.53596875 0.328125 0.53870238125 0.328125 0.717078703125 0.3369140625 0.7673333328124999 0.3496372765625 0.78125 0.423486328125 0.78125 0.4248046875 0.7795104171875 0.440625 0.7255833328125
20 0.59785714375 0.325 0.635 0.3036861796875 0.6716666671875 0.2446632921875 0.675 0.2238959828125 0.675 0.1334737125 0.645215053125 0.0921875 0.6011111109375 0.0921875 0.595 0.0971060734375 0.5733333328125 0.1315360921875 0.545 0.1594080109375 0.525 0.218430896875 0.525 0.28166970468749997 0.5333333328125 0.308604753125 0.5666666671875 0.325 0.59785714375 0.325
20 0.5951923078125 0.77452855625 0.61358974375 0.7859375 0.7101762828125 0.7859375 0.744671475 0.7533405171875 0.7578125 0.723706896875 0.7578125 0.6294719828125 0.7413862171875001 0.60828394375 0.7183894234375 0.596875 0.6411858968749999 0.6050242453125 0.5820512828125 0.6408809265625 0.565625 0.6680450796875 0.565625 0.721558459375 0.570552884375 0.738671875 0.5951923078125 0.77452855625
20 0.1713478671875 0.690625 0.273298890625 0.64926470625 0.28838205625 0.6227941171875 0.2984375 0.6150735296875001 0.2984375 0.569207315625 0.24145665312500003 0.55 0.1911794359375 0.5516544125 0.12079133125 0.5665441171875 0.090625 0.6022794124999999 0.090625 0.6321691140625 0.0973286296875 0.6840073531249999 0.1040322578125 0.690625 0.1713478671875 0.690625
20 0.42797965156249995 0.2763711734375 0.466751453125 0.260586734375 0.484375 0.2286989796875 0.484375 0.17289540781249998 0.45970203437499996 0.123788265625 0.42886082812500004 0.10625 0.3345748546875 0.10625 0.3416242734375 0.12729591875 0.343386628125 0.1693877546875 0.3328125 0.1911352046875 0.3328125 0.25680926249999997 0.35396075625 0.274617346875 0.3662972390625 0.278125 0.41153100781249996 0.278125 0.42797965156249995 0.2763711734375
20 0.5242718453124999 0.9625 0.5389563109375 0.9492045453125 0.540625 0.945049715625 0.540625 0.8469034078125001 0.537287621875 0.8395170453125 0.503913834375 0.8012926140625 0.47054004843749997 0.79630681875 0.4435842984375 0.7796875 0.40879854375 0.7796875 0.39878640781249997 0.7846732953125 0.3754247578125 0.81458806875 0.36875 0.8345312500000001 0.372087378125 0.8760795453125001 0.39878640781249997 0.89103693125 0.452184465625 0.94588068125 0.48913401562500003 0.9625 0.5242718453124999 0.9625
20 0.76075949375 0.2869485296875 0.785383703125 0.25055147031249997 0.796875 0.211176471875 0.796875 0.15161764687499998 0.793591771875 0.12316176406249998 0.764042721875 0.0735294125 0.7613066984375 0.071875 0.6960069437499999 0.071875 0.6901700953125001 0.07518382343749999 0.6688291140625 0.184375 0.6671875 0.21415441249999997 0.6671875 0.248161765625 0.6803204109375 0.28198529375 0.7039596515625 0.296875 0.7396530296875 0.296875 0.76075949375 0.2869485296875
20 0.3438038796875 0.21085778125000001 0.3578125 0.179395196875 0.3578125 0.12818421875 0.34730603437499996 0.0993622453125 0.32524245625 0.078125 0.20940867343749997 0.078125 0.1634428875 0.10467155624999999 0.1546875 0.112635521875 0.1546875 0.240817465625 0.156438578125 0.2427136484375 0.1839555109375 0.2515625 0.25625 0.2515625 0.31403556093749996 0.232095025 0.3438038796875 0.21085778125000001
20 0.51020220625 0.4293125 0.5171875 0.41142361093749996 0.5171875 0.3186586546875 0.50134585 0.3015625 0.39070378125 0.3015625 0.372242646875 0.30856249999999996 0.3390625 0.357714675 0.3390625 0.44681249999999995 0.358272059375 0.47481249999999997 0.37166053906249996 0.4765625 0.413960375 0.4765625 0.46829044062499997 0.4643125 0.51020220625 0.4293125