20 0.4625 0.5046875 0.9015625 0.903125
20 0.4890625 0.48125 0.5015625 0.5203125 0.5171875 0.5484375 0.5453125 0.571875 0.5921875 0.590625 0.634375 0.5921875 0.6640625 0.5671875 0.675 0.5421875 0.68125 0.5203125 0.678125 0.4703125 0.6625 0.4484375 0.615625 0.4203125 0.5828125 0.4078125 0.55 0.4046875 0.525 0.4125 0.4984375 0.440625 0.4890625 0.48125
20 0.0828125 0.296875 0.0953125 0.34375 0.1265625 0.39375 0.1734375 0.446875 0.209375 0.4640625 0.23125 0.4609375 0.2546875 0.4421875 0.2640625 0.421875 0.2609375 0.3703125 0.2515625 0.3375 0.221875 0.2890625 0.178125 0.2375 0.1609375 0.221875 0.1390625 0.215625 0.109375 0.228125 0.0859375 0.253125 0.0828125 0.296875
20 0.33125 0.6625 0.3453125 0.74375 0.375 0.7765625 0.39375 0.78125 0.409375 0.7734375 0.4234375 0.7546875 0.4375 0.70625 0.440625 0.6703125 0.428125 0.58125 0.415625 0.54375 0.4015625 0.5234375 0.3734375 0.5203125 0.3390625 0.5359375 0.328125 0.553125 0.33125 0.6625
20 0.59375 0.325 0.63125 0.303125 0.665625 0.246875 0.675 0.1875 0.671875 0.1453125 0.6375 0.096875 0.6109375 0.0921875 0.59375 0.10625 0.5734375 0.1390625 0.546875 0.165625 0.5265625 0.2265625 0.525 0.271875 0.5359375 0.3078125 0.5671875 0.3234375 0.59375 0.325
20 0.6234375 0.7828125 0.6859375 0.7859375 0.7078125 0.778125 0.740625 0.746875 0.7578125 0.7078125 0.753125 0.628125 0.7375 0.6078125 0.715625 0.596875 0.6421875 0.6046875 0.5859375 0.6390625 0.5671875 0.6703125 0.565625 0.7 0.575 0.7328125 0.5984375 0.7671875 0.6234375 0.7828125
20 0.2640625 0.64375 0.278125 0.61875 0.2921875 0.6078125 0.2984375 0.571875 0.234375 0.55 0.1875 0.5515625 0.121875 0.565625 0.090625 0.603125 0.1 0.6765625 0.1140625 0.690625 0.15 0.690625 0.2640625 0.64375
20 0.3453125 0.2546875 0.365625 0.271875 0.3875 0.278125 0.43125 0.2734375 0.465625 0.259375 0.4828125 0.228125 0.484375 0.1875 0.459375 0.1375 0.4046875 0.10625 0.3453125 0.1125 0.3546875 0.140625 0.35625 0.178125 0.3328125 0.2265625 0.3453125 0.2546875
20 0.446875 0.940625 0.4953125 0.9625 0.5109375 0.959375 0.528125 0.94375 0.540625 0.9125 0.540625 0.871875 0.5265625 0.840625 0.4953125 0.8046875 0.4640625 0.8 0.43125 0.7796875 0.415625 0.7796875 0.396875 0.7890625 0.375 0.8171875 0.36875 0.8359375 0.371875 0.875 0.396875 0.8890625 0.446875 0.940625
20 0.734375 0.296875 0.7578125 0.2859375 0.78125 0.2515625 0.796875 0.1984375 0.7890625 0.13125 0.7609375 0.084375 0.7453125 0.075 0.715625 0.071875 0.690625 0.0859375 0.6703125 0.1890625 0.6671875 0.2453125 0.68125 0.28125 0.70625 0.296875 0.734375 0.296875
20 0.25625 0.2515625 0.3171875 0.23125 0.34375 0.2125 0.3578125 0.18125 0.3578125 0.14375 0.346875 0.1140625 0.3140625 0.0828125 0.2875 0.078125 0.2484375 0.08125 0.1828125 0.11875 0.1671875 0.1328125 0.1546875 0.1609375 0.1546875 0.2171875 0.1765625 0.240625 0.2109375 0.2515625 0.25625 0.2515625
20 0.4015625 0.4765625 0.4640625 0.4625 0.5015625 0.43125 0.515625 0.3953125 0.5171875 0.359375 0.5125 0.3375 0.4921875 0.315625 0.4625 0.3015625 0.4359375 0.3015625 0.378125 0.3234375 0.3421875 0.3765625 0.3390625 0.41875 0.3484375 0.446875 0.365625 0.471875 0.4015625 0.4765625