43 0.12109375 0.575 0.24140625 0.4453125
43 0.375 0.5703125 0.24375 0.48359375
43 0.63203125 0.5578125 0.28515625 0.45703125
43 0.8921875 0.56171875 0.21484375 0.42265625
43 0.1375 0.32578125 0.21328125 0.19765625
43 0.15546875 0.18125 0.1828125 0.2328125
43 0.40703125 0.1828125 0.1875 0.15546875
43 0.3828125 0.2875 0.23828125 0.1359375
43 0.621875 0.17890625 0.18828125 0.1578125
43 0.86875 0.14375 0.15 0.128125
43 0.8609375 0.28046875 0.2265625 0.15546875
43 0.6359375 0.30078125 0.2109375 0.1703125