43 0.12109375 0.57421875 0.2421875 0.4453125
43 0.375 0.5703125 0.24453125 0.4828125
43 0.63203125 0.5578125 0.2859375 0.45703125
43 0.8921875 0.56171875 0.21484375 0.42265625
43 0.1375 0.32578125 0.21328125 0.196875
43 0.15546875 0.18125 0.18203125 0.2328125
43 0.40703125 0.1828125 0.18828125 0.15625
43 0.3828125 0.2875 0.2375 0.13671875
43 0.621875 0.17890625 0.18828125 0.15703125
43 0.86875 0.14375 0.15078125 0.128125
43 0.8609375 0.28046875 0.2265625 0.15546875
43 0.6359375 0.30078125 0.2109375 0.17109375