34 0.7421875 0.56875 0.284375 0.3625
34 0.35859375 0.86640625 0.0765625 0.21875
34 0.84609375 0.178125 0.09921875 0.28984375
34 0.8546875 0.80546875 0.290625 0.3890625
34 0.43359375 0.4140625 0.140625 0.196875
34 0.559375 0.31484375 0.07890625 0.290625
34 0.5328125 0.13671875 0.09921875 0.19140625
34 0.26953125 0.11640625 0.1296875 0.23046875
34 0.1953125 0.4796875 0.24375 0.13203125
34 0.2125 0.63359375 0.30078125 0.1
34 0.1734375 0.79453125 0.246875 0.11484375
34 0.11484375 0.91796875 0.18515625 0.1640625
34 0.1328125 0.284375 0.265625 0.13125
34 0.3046875 0.3890625 0.1390625 0.1140625
34 0.43125 0.3109375 0.10625 0.184375
34 0.7109375 0.19140625 0.2078125 0.3828125