34 0.7421875 0.56875 0.284375 0.36328125
34 0.35859375 0.86640625 0.0765625 0.21875
34 0.84609375 0.178125 0.1 0.28984375
34 0.85390625 0.80625 0.2890625 0.3875
34 0.43359375 0.4140625 0.13984375 0.19609375
34 0.559375 0.31484375 0.078125 0.2921875
34 0.5328125 0.13671875 0.1 0.19140625
34 0.26953125 0.11640625 0.12890625 0.23203125
34 0.1953125 0.4796875 0.24453125 0.13359375
34 0.2125 0.63359375 0.30078125 0.10078125
34 0.1734375 0.79453125 0.246875 0.115625
34 0.1171875 0.91796875 0.18515625 0.1640625
34 0.13359375 0.2859375 0.2671875 0.128125
34 0.3046875 0.3890625 0.13984375 0.1140625
34 0.43125 0.3109375 0.10703125 0.18359375
34 0.7109375 0.19140625 0.20859375 0.3828125