43 0.16015625 0.534375 0.21953125 0.32265625
43 0.13828125 0.84140625 0.2421875 0.23359375
43 0.45 0.7109375 0.171875 0.31171875
43 0.42265625 0.42734375 0.1703125 0.19375
43 0.6390625 0.62578125 0.14375 0.24921875
43 0.803125 0.5609375 0.16015625 0.34140625
43 0.73515625 0.28828125 0.18203125 0.2078125
43 0.5921875 0.3421875 0.1921875 0.2125
43 0.36875 0.20859375 0.165625 0.21015625
43 0.51953125 0.1328125 0.14453125 0.23046875
43 0.6921875 0.0921875 0.17265625 0.17890625
43 0.9171875 0.184375 0.14296875 0.20703125
43 0.940625 0.4265625 0.11875 0.20546875